 -0.9093887215363515
 -0.07894233127323373
 -0.204332530552769
 -0.4636913611335928
  0.2378270674676943
  0.7836284009638979

0.9209517198123686
 -0.14086909145854468
 -0.49806012993364573
 -0.44027883778105836
 -0.20724262297647322
 -0.6385619474294989

-0.9877352738966757
 -0.02604097178306428
 -0.031325875415219584
 -0.2576364762951488
  0.2492297604217049
  0.8092242849160731

-0.5511286634379662
  0.22888076853636521
  0.7596525591334725
  0.859217505382425
  0.10201568351415968
  0.2806300814288257